-chi3 2C-S -S -CT -0 3 2
-chi4 S -S -CT-MC -1 3
-chi5 S -CT-MC-MC -2 2
-chi5p S -CT-MC-YC -2 2
CNXalpha <1 chi3 chi4 chi5 chi5p >4
   68.6276   158.7256  -152.9400    29.3829    -1110373.7704   -46.0784
   94.6236  -119.8125   116.7730   -66.0234    -1110381.2687   -50.6131
  -57.6174  -150.6307   -41.3816   140.9435    -1110375.8393   -47.7756
 -149.7917   129.7456    28.9846  -152.8128    -1110369.7447   -46.9099
  162.6964  -149.2966   -87.1847    94.0902    -1110369.9933   -47.2447
 -154.9288   -60.0071   -31.0692   148.8901    -1110371.6773   -45.7788
  154.1388  -152.4419   -19.7215   161.0034    -1110372.4533   -48.3698
  134.2521   106.3937   -19.9656   160.4274    -1110372.8680   -45.0844
  159.5552   161.6101   -63.2026   117.2726    -1110372.1293   -48.0874
   81.0064  -117.3460   102.6228   -78.4983    -1110380.0667   -50.0721
   84.1847  -176.4995    95.0855   -86.0945    -1110375.6018   -43.9160
 -176.6788    84.7597   -41.8175   134.4150    -1110371.7760   -48.1970
  170.3997   -62.0190   -61.7117   118.6439    -1110364.1481   -44.8758
   74.0641  -171.8265    27.1161  -155.0561    -1110374.3470   -45.1002
   91.5942   165.0063    60.9612  -120.3886    -1110377.2325   -48.4066
  -25.3459  -175.1430   118.8620   -65.3012    -1110364.1329   -41.0094
  102.2660  -156.1734    55.0047  -124.8630    -1110378.0821   -47.7134
 -146.8929   105.3175   134.7025   -46.9837    -1110371.3170   -46.1308
  109.8399   -70.2192   -58.0741   125.3782    -1110378.1246   -49.2328
   83.2544   -73.6877   107.7185   -78.3204    -1110381.4147   -48.0602
 -104.0450   104.4095   -70.0028   114.1734    -1110373.0146   -42.7073
 -168.9368   118.9916    78.5244  -104.8650    -1110370.9163   -48.4533
 -161.5252  -161.1606    35.5029  -146.7584    -1110373.2258   -50.2671
 -130.6761   -47.9881   117.7311   -65.8353    -1110374.3772   -45.3055
 -135.2767   159.3279    86.5740   -94.6685    -1110370.4541   -43.6733
  114.0251  -157.5559    27.7163  -153.8459    -1110370.4878   -41.1559
 -106.5362    66.6696    53.3642  -129.3556    -1110375.8765   -46.4099
 -151.0593   143.8565   -69.6370   111.3892    -1110369.1485   -45.2959
 -114.4130   149.5896   103.9729   -78.3702    -1110375.6931   -47.0268
   38.0879   120.7052    69.3905  -113.4731    -1110367.4270   -44.8933
  -82.7411   156.6064    71.2109  -110.0558    -1110376.6992   -46.4808
  139.1442    47.6019    74.7183  -108.2574    -1110370.0435   -46.7355
  -90.4049  -154.0524   -20.7237   160.6443    -1110373.7560   -45.3209
  179.2902    99.8519    41.5194  -139.7833    -1110368.4392   -44.9499
 -130.9733   -61.5809   104.2452   -79.1439    -1110372.1348   -43.3728
 -101.2166  -161.7156    77.8123  -101.4372    -1110377.3444   -45.5341
  168.8460   171.2059   -95.5377    86.1319    -1110366.9430   -42.4750
   91.9588  -146.0245    -5.7485   174.3551    -1110374.2642   -43.7547
  -55.0913   170.3074   -59.8813   120.5297    -1110370.3948   -41.7386
   37.5305   178.7679   -83.4347    96.4033    -1110371.7256   -44.5060
  141.6103   108.5408   -10.6182   169.8442    -1110372.0928   -45.4937
 -146.4158   -76.1190   -61.8973   120.1513    -1110370.3180   -46.6413
  -64.5465   -76.2490    34.3694  -142.9284    -1110374.2806   -44.4291
   38.7018   160.0276    63.8386  -117.7592    -1110370.4229   -45.2716
   90.4639  -172.9174   -99.1634    82.3493    -1110377.7022   -46.7489
  -91.8822  -133.9339    55.3397  -124.8339    -1110375.4105   -46.4522
 -172.8130   164.0766   -48.1088   133.5409    -1110369.0829   -46.5271
 -133.4734  -108.1779    24.9385  -155.8409    -1110374.5689   -48.1769
  150.0343   -69.1325   132.4442   -51.9721    -1110371.6924   -45.5116
   91.5384    98.1748  -108.9010    73.7764    -1110375.3531   -45.0480
 -139.6351    -3.6130    56.9284  -131.6360    -1110367.9245   -43.0669
  132.5027   -55.9425   -67.9168   114.3273    -1110372.0215   -46.9979
 -171.9654    35.0555   -85.8926   100.3472    -1110371.1999   -47.8645
 -105.3553    80.0892   -70.0534   117.7271    -1110374.6794   -44.0143
  106.0167   105.7086   -35.2208   144.9560    -1110375.5237   -46.4433
  120.4707   106.4485   -73.9948   107.8053    -1110372.9903   -46.7447
 -149.9740    27.0330    61.1768  -121.9958    -1110363.9935   -46.1826
  108.9119   124.8273   -50.7104   129.4860    -1110371.5195   -42.9972
   74.1374   163.8374   -36.5538   145.5005    -1110378.1363   -48.8014
  -26.4944  -109.6674   -67.9425   115.2358    -1110367.7573   -46.0631
   73.8096   140.7223   -90.4636    90.7675    -1110372.9099   -42.5005
  144.9724   -27.1955   -74.0630   114.2057    -1110372.0430   -45.1204
 -174.7934   -89.8626    34.4297  -145.2405    -1110367.6937   -43.6394
 -109.2857    66.4421    91.3402   -95.4991    -1110373.3855   -44.3515
 -175.6478   135.7824   -82.1049    99.3847    -1110371.6551   -47.9302
  123.5783    72.3595    36.1361  -144.2445    -1110374.1411   -46.0183
  120.7074   116.1000    89.1780   -93.4171    -1110373.0796   -45.6600
   62.3577   109.1341    97.1985   -86.3959    -1110375.8945   -47.6388
 -122.4706   136.9053    87.5537   -93.5910    -1110375.6371   -48.7059
  -91.2831  -114.9461    99.6818   -82.5105    -1110376.8693   -47.5256
  105.5186    92.5476    44.2939  -136.8925    -1110376.9522   -46.9658
  112.9205  -111.8240    41.8359  -138.8110    -1110374.3120   -44.5184
   90.2334   144.7371    68.9032  -112.5802    -1110375.3573   -44.7885
 -108.7078   168.3149  -155.6928    26.0644    -1110372.1291   -47.0546
  159.8397   -58.0123   -43.0462   138.7104    -1110368.7754   -44.7793
 -157.9935    65.8084  -103.2597    80.6018    -1110369.8222   -44.1061
 -147.7550  -168.9426   -43.7891   138.5165    -1110368.7071   -45.4747
 -130.2210   -53.1740    87.7950   -98.0318    -1110377.1874   -48.9899
 -144.2006   -61.1446   140.1835   -43.9476    -1110371.3978   -45.7722
   74.5167  -109.0648   105.3497   -79.7953    -1110379.4796   -46.7002
  175.7035  -140.1512    91.9173   -89.8491    -1110370.0709   -47.6397
  -26.4391   -86.9041   -18.9744   160.9973    -1110368.0756   -42.7503
  -50.4812   -81.8453    74.8291  -107.8162    -1110376.0429   -48.5063
   57.8993  -178.2093   -75.0442   105.0778    -1110377.1542   -47.1482
  135.5131  -147.3625   111.4008   -71.8652    -1110374.1833   -48.3382
 -169.5561   138.6155    64.2463  -118.5132    -1110369.1636   -47.1075
  139.8536   -48.4864    90.7697   -94.4213    -1110374.4000   -48.4118
  -25.6693  -163.4198   -64.9698   116.9930    -1110371.6110   -49.5350
  -15.3357   147.2999     0.3257  -179.1057    -1110365.9342   -44.0350
  -95.3991  -169.1327   -60.2076   120.8605    -1110377.4424   -49.2535
  172.0039    51.9318   -58.4007   128.8755    -1110367.2326   -44.6424
  140.9723   -77.1315   112.0900   -71.1259    -1110367.4281   -39.3419
 -129.1204   -80.8994   -70.1543   113.2231    -1110372.4962   -45.3170
 -151.5196   179.4250    54.7024  -127.2800    -1110372.4941   -47.1633
   29.5094    51.5294    18.5401  -165.2992    -1110374.0490   -48.0828
  -99.0611   -52.5413    79.6430  -106.5656    -1110379.3847   -48.7323
   48.2106   140.1019   -71.1585   109.1535    -1110368.3778   -42.8176
  160.8354  -104.0399   -27.0341   153.7356    -1110369.8167   -46.1221
  107.9362   130.1369   -54.5733   125.8466    -1110373.5531   -45.2318
  -67.0583   164.1866   -45.4510   135.1337    -1110375.0053   -43.8809
 -116.8638    48.4054    79.6585  -103.8364    -1110373.9165   -46.7518
  129.0526  -102.8672   -28.3649   152.4860    -1110374.0529   -47.0494
  -89.4680    17.4951    76.9574  -108.5003    -1110378.7504   -46.6690
   94.6972   179.2964    74.2565  -106.3149    -1110379.8342   -48.9235
  -98.4353   178.6269    50.3064  -131.4562    -1110377.9615   -48.5836
   65.7954    86.3077   -72.8095   109.1343    -1110371.7046   -42.4474
 -151.2876   136.7792   177.4860    -1.3285    -1110367.2525   -46.6124
 -121.6518  -160.8652    -5.9274   173.8897    -1110377.5725   -50.0270
  -60.5543   -97.2520   103.4300   -77.8967    -1110370.8247   -40.3106
  130.5514   149.5411  -172.9462     9.3778    -1110370.0892   -46.4509
   60.3336   -95.0003   -12.5978   170.4245    -1110377.3551   -46.3781
 -122.1082   132.7033    15.0197  -164.4973    -1110374.0783   -46.2673
   52.8586   178.4696  -104.6455    77.9377    -1110372.3926   -44.1280
 -133.0597  -114.4087  -109.3913    74.0761    -1110371.0501   -43.8282
 -129.6016    99.5461   -42.9876   137.8416    -1110371.4214   -43.4399
 -102.0256   152.8557  -173.8056     8.0752    -1110371.0940   -44.8374
  137.3996   102.5615    13.9937  -166.4363    -1110373.6880   -47.5191
  116.8614    72.7862    32.1511  -149.6479    -1110376.1468   -47.0004
  159.0920   -23.9211   -55.3165   128.3808    -1110369.6163   -47.2635
 -174.6294    99.1162   -19.6869   158.5267    -1110371.3737   -46.8535
 -100.2827   123.1205   -39.4650   142.0961    -1110379.0767   -48.4576
   75.4062   147.4715  -149.1606    33.9491    -1110374.4756   -46.0928
   53.0566    88.8828    18.7134  -161.9087    -1110376.5379   -49.0073
 -147.2633   -86.8512    84.5005   -98.1917    -1110371.4918   -46.5559
 -133.9398    52.6320    53.1407  -127.0364    -1110368.5216   -43.4100
 -168.4656   158.6254   -52.7046   128.2792    -1110371.3996   -47.0657
 -141.8884   -79.3036   167.4248   -13.1942    -1110371.0094   -45.0994
  149.2579   103.2807    54.4578  -127.2755    -1110370.6649   -47.5936
 -124.6689   -42.0684   -18.8416   168.1799    -1110376.0716   -46.7940
   92.7820   -83.4678    92.9038   -93.5787    -1110379.3516   -46.6775
   60.8379  -163.4520   -46.1093   136.1135    -1110373.2362   -44.6252
  145.1813    81.2396    46.0816  -134.4926    -1110370.0534   -45.5218
  -98.3675   173.0116   -96.8470    84.7174    -1110377.1604   -46.1421
  -92.1702  -176.4130   -12.9481   168.2651    -1110380.7308   -49.4361
  138.4004  -102.3317    56.7924  -125.2501    -1110371.7378   -46.7690
  -69.9334    98.8727    45.8590  -136.3601    -1110373.3174   -44.3796
  115.8701    25.0604   -78.0918   108.9144    -1110374.9826   -44.3053
  -23.7951  -139.0892    71.5313  -109.1429    -1110370.4085   -49.1903
  -42.0713  -175.9431   -50.9427   131.2013    -1110373.8709   -47.8893
  110.9736  -177.3097    86.2615   -94.5994    -1110374.0728   -44.6083
   47.2468   140.5570   100.0352   -81.8051    -1110372.5351   -46.9425
  107.7583    92.6123  -153.4063    29.0179    -1110373.5859   -45.1792
 -121.9339  -130.0537    40.7265  -140.2552    -1110371.4973   -43.5292
  172.0478   144.1847   -68.4359   112.4002    -1110367.0531   -45.3983
  171.2639    73.4343    55.3259  -126.2256    -1110370.7527   -48.1412
 -134.2890   144.4496   -85.0728    96.3880    -1110373.8133   -47.4836
  149.4702  -149.3462    87.0239   -94.1087    -1110365.2115   -39.8999
   91.7096   177.0152   115.3175   -68.3439    -1110379.3798   -48.6876
 -146.6130    59.5704    12.4933  -169.6654    -1110370.7373   -42.5331
  154.4208   -84.3337    27.1736  -152.1172    -1110372.8356   -47.5839
 -140.0391  -164.6213    56.0345  -124.9435    -1110371.0611   -46.2033
  155.8757  -155.7660   -15.3150   165.6868    -1110371.2708   -47.7946
 -126.9495    64.0410   -75.4339   110.5788    -1110373.5924   -46.2358
  -78.4398   123.5530   -85.8755    96.4667    -1110373.3335   -45.0247
   96.8997  -147.8154   -51.0084   130.9278    -1110370.1359   -41.2812
 -100.0508    68.2003    29.4389  -155.2673    -1110379.3094   -46.9455
 -174.7461   178.9817   -80.8589   100.1256    -1110371.7571   -49.3645
   74.1917   146.0506   -91.7470    89.3227    -1110372.9727   -42.4599
  166.4979   -88.1417    76.9006  -105.6270    -1110371.3036   -47.8233
   99.1398   155.7596    37.3266  -144.4484    -1110372.3424   -43.2477
  136.4001   172.0681    54.8194  -127.2861    -1110370.8960   -46.2257
  -71.2827    90.4408  -123.4634    70.7734    -1110379.3921   -47.6885
  113.4110  -178.7057   -30.0841   152.2418    -1110373.8886   -45.3568
  172.8369   113.2565    77.5770  -105.8033    -1110369.5337   -47.9366
   86.4354    61.5697    -1.5210   174.1583    -1110377.1702   -46.5672
  -85.9167  -174.5915    35.5761  -146.6943    -1110378.4262   -48.3633
  112.4614  -134.4167  -106.7316    76.6590    -1110373.9518   -46.2603
 -113.3101   -51.1255   115.5598   -69.2060    -1110376.1029   -46.5578
  -66.7231   159.6605   -57.1893   120.6750    -1110375.2776   -45.7166
  150.8476   -88.8473    72.1591  -111.0026    -1110366.5194   -42.1356
  175.4021   -88.9429    50.0459  -130.9772    -1110366.6725   -43.8207
  106.7865  -131.6187  -112.4393    72.1865    -1110376.0775   -45.9057
   80.8212   150.5040    40.1950  -142.0340    -1110373.2157   -46.3005
  -61.8327   169.8948    72.8585  -107.7601    -1110379.3308   -50.7635
   99.0135    69.1175    47.0750  -133.2591    -1110374.0250   -43.9573
  -84.3144   131.2447    39.3622  -142.5857    -1110372.6152   -43.5789
  112.2684   144.1403   -22.3491   159.7171    -1110371.5288   -41.6789
   45.1582  -171.3097   -73.6127   106.9895    -1110375.9996   -50.2314
  129.7858  -167.3050   -80.1086   100.4329    -1110375.2469   -49.0212
  175.2289   -64.3862    72.3691  -113.5354    -1110368.6653   -46.3887
  -58.3578   116.0950   -81.6409   101.1604    -1110372.3237   -43.3923
  175.4164   -91.7453    20.4570  -162.3471    -1110373.5518   -48.7448
  149.6560  -158.9673   146.6792   -36.1593    -1110368.6061   -45.9437
 -101.1997   -86.5940   118.5437   -65.2136    -1110375.1097   -42.8205
   32.4882   171.8829   -62.9378   117.7523    -1110372.0602   -48.8658
  -64.4319    67.0792    58.6514  -130.4839    -1110373.0090   -43.2839
  110.1387    59.4444    28.8241  -153.3511    -1110378.8833   -48.2663
 -177.7061    33.1367  -105.7737    77.6801    -1110366.3615   -41.4858
   97.1747   170.0373   110.6666   -72.2892    -1110376.9344   -44.8477
  102.8731  -171.5821    78.7768  -100.8051    -1110381.4459   -49.5842
 -170.0254   177.2764   -83.9728    96.9606    -1110367.2215   -43.4240
 -137.0474   -89.2307   -59.8122   122.4087    -1110369.0762   -48.7310
  102.1935   112.9974   164.7457   -16.0659    -1110372.4080   -44.2125
   99.0193  -131.3677   -80.1226   101.4120    -1110373.7511   -43.4776
  161.7445   127.5013   100.5309   -82.2169    -1110368.9918   -44.6446
  -46.1906  -167.7616  -116.9589    66.8585    -1110375.4560   -47.4159
  165.5811  -126.7291   -45.2130   137.0779    -1110367.9308   -46.1992
  133.1497  -168.1053   -92.1620    89.6978    -1110373.1346   -45.2732
 -144.5542   109.1498  -103.4824    82.2371    -1110373.2362   -47.4056
  -80.1704  -174.4509  -110.0058    73.2438    -1110379.4538   -47.0118
  160.3391   100.2063   114.9087   -69.7442    -1110368.7050   -43.7871
 -126.1920  -163.2438   -99.3938    82.9798    -1110378.2169   -50.1411
   51.4944   122.4382   -44.1630   137.0423    -1110370.4721   -43.9237
 -129.8884  -102.4526    39.8343  -140.5767    -1110369.4168   -42.9207
  155.2265   -99.0661  -170.8664     8.6240    -1110368.9112   -46.2350
   83.2007   160.8392    12.8917  -167.8123    -1110373.4809   -45.4353
  165.4374    51.1440  -117.5926    66.9751    -1110363.6243   -38.2361
 -125.1035   136.3449     3.6336  -176.3390    -1110373.5823   -46.7616
 -157.8387     0.1674   -82.0132   100.7118    -1110367.7962   -45.0203
 -159.0291   175.5290    81.6381   -98.9553    -1110370.1159   -46.0628
 -155.2902   145.9130    96.4260   -85.3787    -1110369.4148   -43.7705
  158.6973   160.7555    59.8926  -122.0086    -1110368.3436   -46.5476
  135.4403   113.9631    54.4140  -127.6918    -1110371.2491   -47.5390
 -143.8429   157.1761   102.2885   -79.9364    -1110373.4806   -47.9032
  -69.8155   -91.9513   -22.4236   157.9803    -1110375.1016   -43.9576
  106.6796  -147.7152  -112.1105    71.4942    -1110376.9910   -46.6755
 -171.4755   -63.6422     2.9667  -172.4880    -1110370.1248   -43.8138
  121.2909  -157.1044    26.2306  -155.6639    -1110376.3103   -49.3045
  -68.9797   -45.7088   -35.3489   147.3580    -1110378.3474   -47.3387
 -120.2104  -145.4018    28.1166  -153.9032    -1110375.5234   -47.1246
   85.6566   124.9379    54.5158  -128.0640    -1110376.5818   -46.1183
   88.9090  -168.7895    48.1779  -131.9376    -1110375.0485   -43.6197
  -98.7639    80.3137    38.1465  -144.0011    -1110377.2322   -47.6626
  168.2119    11.2573    61.1261  -123.2733    -1110366.1145   -42.8336
 -156.1138  -129.0111    -2.8762   176.7571    -1110369.7001   -44.2992
  172.7651   139.5574   -17.5754   163.9145    -1110362.7671   -39.3205
  133.8642   170.6171   -47.6934   133.7499    -1110372.3708   -45.6277
  -72.2570   -47.4203   -43.6876   138.1615    -1110377.0617   -46.2108
  -81.4709  -153.3737  -124.4598    60.2074    -1110380.1039   -49.3614
  148.1771    77.1777    32.1969  -147.8567    -1110370.6324   -45.0491
 -105.8302  -147.5826  -113.9851    69.8688    -1110374.9065   -46.2733
  150.3423  -178.3641    31.7546  -150.3305    -1110369.6661   -45.4794
  156.1145   118.4792    23.7693  -157.2669    -1110368.9425   -45.3397
  139.7379   121.0842    89.4226   -93.0992    -1110372.5331   -47.1891
  170.3969   -51.4599   -16.5646   167.9963    -1110368.4488   -43.0518
 -106.1289    98.4317   -82.0153   104.7036    -1110380.1116   -48.6972
  -98.2545   178.6064   -26.1992   155.6206    -1110378.6988   -48.5631
 -159.2025   154.1580   131.5467   -53.4393    -1110369.6893   -47.0088
  118.0328  -150.7943    96.5298   -85.6986    -1110374.8889   -46.7682
   58.1164   176.5104    14.6416  -167.0607    -1110375.1204   -45.3611
 -174.9733    74.6585    70.4363  -112.2162    -1110366.4212   -45.1161
  -14.1622   -96.3980    67.1575  -112.7087    -1110362.5882   -40.7769
   68.2740   124.2614    43.5882  -138.2491    -1110375.5024   -48.8633
  -85.8419  -166.6218   -23.5369   158.0726    -1110376.9026   -45.8703
  114.0504  -111.1662   -26.0416   155.0661    -1110373.5774   -43.7278
  154.3384   -85.9993    61.1397  -120.3184    -1110366.0454   -43.2627
  -73.4560  -157.8397   -70.8832   110.2039    -1110376.3082   -46.1534
  100.8474  -167.0309   -85.5825    94.5834    -1110374.0476   -43.7481
 -155.5439   -93.1358   -46.5618   135.0710    -1110368.6812   -45.2386
 -115.8439  -179.1671    59.7813  -121.5007    -1110376.2704   -49.8851
 -131.1951    80.5322   -93.8613    92.3448    -1110374.3800   -45.5890
  120.9478    94.6174   -27.2865   152.9771    -1110372.5952   -43.4799
 -117.7979   -94.3588   162.1991   -19.7696    -1110373.5574   -46.2469
 -134.1588    75.8820    68.5270  -112.8368    -1110372.1490   -47.2061
 -128.5401  -177.8754   -57.5256   123.3687    -1110377.0364   -49.3165
 -125.9487   156.5926   128.2055   -56.4213    -1110373.6546   -45.3952
   26.1183   152.3482   -30.9609   150.8770    -1110361.4485   -39.1547
  119.7132   -20.8917   -77.7758   104.6356    -1110371.1263   -42.3198
 -145.8514   -75.5207   107.1608   -76.1805    -1110371.8910   -48.0556
  -86.0168   137.9328   100.2933   -83.5807    -1110376.3987   -48.0184
  -42.7071  -172.5137   118.8829   -64.3743    -1110376.6061   -49.9621
  -74.3944    68.5441  -112.1050    76.8714    -1110380.6508   -48.1172
   85.0509   136.9350    54.3469  -128.2983    -1110380.7052   -50.3468
  100.6406    -5.4309    67.9908  -117.0610    -1110369.6130   -40.8417
  -56.2280   -89.1999   115.9260   -67.2667    -1110375.9755   -46.7931
  172.7781    86.4438    84.0258   -99.8314    -1110368.3475   -46.1462
  -93.3637  -121.7130  -110.1587    72.9473    -1110379.6501   -48.0203
  -28.5095  -169.3043     4.6964  -176.6207    -1110367.2376   -44.6549
  -91.2404  -164.0020   -77.8087   102.5114    -1110376.6443   -47.4508
  140.9858   -49.3844   -85.2389    98.6899    -1110364.8394   -42.6586
  133.6493   170.3520    30.5810  -151.6602    -1110372.9145   -47.2552
   97.7252    54.6993   -55.2953   129.4560    -1110372.0964   -40.6827
   96.8195  -128.2864   -90.5465    93.7425    -1110373.7982   -43.1470
 -138.3994   -91.4993   -23.7316   156.8125    -1110371.0481   -44.8862
  -48.1931   103.0131  -141.9852    45.0328    -1110375.0274   -48.8887
 -170.6810    93.4233    52.4369  -130.0408    -1110370.2652   -47.9968
   91.3570   105.7763   -69.2139   112.2908    -1110375.4109   -45.8973
  -70.6182   -91.6363   -45.8301   135.2582    -1110377.1117   -47.6855
 -102.5343   133.6449   112.9233   -72.3531    -1110378.1583   -48.8670
   96.2056  -121.8071    79.9340  -102.9101    -1110373.9112   -44.6652
  -29.3480  -176.2160   -72.1469   108.1202    -1110364.9570   -41.0301
  -92.8784    78.7017    50.7577  -131.7197    -1110377.8154   -46.9038
  151.1788  -105.5664   -71.4802   111.0721    -1110373.2638   -48.6859
 -167.0478  -175.9847    30.3008  -152.1399    -1110369.7010   -46.4644
 -147.1608  -127.1364    39.9526  -140.7289    -1110370.4770   -46.3107
  -74.8430  -125.2003   -82.0737   100.1795    -1110378.0025   -47.9644
  -70.5536  -117.8237   148.3876   -36.1162    -1110374.8661   -46.7658
  164.5267   156.0108  -171.1455    10.8118    -1110364.1632   -43.2545
  -94.4192   -95.8896    80.9301  -101.3225    -1110375.9759   -47.3570
   44.4716  -114.4598   101.8952   -83.8072    -1110373.8768   -47.3871
  -96.9499   -79.0406   129.3904   -55.2375    -1110378.4600   -46.9547
  108.0763  -101.2958   124.0538   -59.6734    -1110376.9490   -46.1708
   60.5876  -178.2053   140.3141   -42.9796    -1110373.0297   -43.3775
 -175.2795  -149.7637   134.0230   -49.3537    -1110368.6366   -44.8784
  139.4000  -172.1607   -47.5542   134.7502    -1110372.9537   -48.2088
   98.3795   163.9561    95.0398   -86.1926    -1110376.9806   -46.0305
 -177.5205  -101.1601    31.0646  -149.1382    -1110368.9815   -45.1870
 -154.0907   -57.6224   -29.0049   152.8740    -1110374.4801   -48.5672
 -103.7368   173.2158  -107.8946    72.7695    -1110374.5513   -43.0716
  146.2601   -43.8573   -55.9459   125.8822    -1110372.7176   -48.4505
  115.7584  -176.6400  -125.1986    56.2140    -1110375.2236   -44.6647
 -127.5213  -156.4434    85.4337   -95.3280    -1110369.3989   -45.6201
  124.3918   133.1292    86.3960   -95.6933    -1110377.4181   -49.5213
 -105.1618   177.3026  -113.5022    70.0079    -1110375.8151   -44.7282
  102.8662   -78.7617   -27.8218   155.9838    -1110380.1548   -49.6374
 -115.7212  -161.8861   -75.6296   105.0899    -1110374.7748   -46.3649
 -164.7984   126.7591    41.7988  -138.5716    -1110367.0438   -45.7636
  -75.6807   153.6683  -104.3849    78.0686    -1110379.1309   -48.0417
  142.2051  -174.1442    74.4365  -108.7375    -1110375.2958   -50.6500
   66.4191    92.8422  -178.5832     1.7920    -1110373.4339   -44.4865
 -110.3471  -123.3522   -65.3817   116.9788    -1110376.8642   -49.4875
   88.1932   121.8619   -91.3154    90.2850    -1110380.6710   -49.4969
  143.0562   148.2982   -43.4126   137.8375    -1110367.4121   -43.3529
  176.6215  -152.5606   -11.1218   169.5673    -1110369.2434   -45.7579
   -3.4094    96.9193   -16.8735   164.2675    -1110367.7046   -44.7296
  120.5842   127.3023   -43.6418   137.0690    -1110373.3921   -46.4701
 -113.4384   175.6693   -70.3118   110.7294    -1110376.9745   -50.4017
  176.6280  -137.9602   -16.2999   164.4269    -1110365.2437   -42.2644
   99.7884   -57.2594    99.2042   -84.4563    -1110381.4666   -48.8495
 -162.9975   -64.2765   -49.5611   131.8419    -1110373.2843   -48.2804
  -31.9254  -171.0155   -69.8236   111.3216    -1110372.0942   -47.0547
  142.9789    69.9550    49.1512  -131.7796    -1110374.8734   -50.2449
  119.0397   108.0225    63.2033  -119.0433    -1110376.1089   -49.2186
 -115.0279   170.4010   111.5357   -71.6526    -1110376.6374   -47.5802
 -146.0141   126.7445   -38.0593   141.4158    -1110367.4245   -42.1056
 -167.9512   167.5680    48.2764  -134.3509    -1110367.8685   -47.6310
  158.0856    41.1284    57.0613  -123.7614    -1110367.8529   -44.6681
  -55.3879   -96.4129    43.5181  -136.7938    -1110371.1694   -43.2695
 -107.9599    56.0505   -82.1864   104.5129    -1110376.3275   -44.8526
  113.8668  -144.6961    53.5955  -126.5423    -1110371.8716   -44.0160
  165.0794    42.7827    11.8247  -176.5303    -1110368.8754   -43.2068
  155.8165  -179.8921   -93.5543    88.5718    -1110375.3228   -49.4646
 -123.3023   -85.2242    97.2347   -85.6346    -1110377.2044   -49.2848
   87.7979  -145.8872     6.7898  -174.3222    -1110377.4292   -46.3286
   34.9764   134.3735    92.2922   -89.2846    -1110368.7624   -43.5687
   92.1550  -131.7302    77.7315  -103.4635    -1110370.2934   -39.9620
   34.7387    48.7299    17.0287  -167.4601    -1110371.2535   -43.5137
 -157.9026   -22.9545    72.7738  -115.3558    -1110367.8677   -44.6102
  140.7587    97.2379   -93.7116    88.5875    -1110369.7461   -43.7846
   94.0770  -137.1405   165.7969   -14.6924    -1110375.0550   -47.5863
   63.8496   114.7678   116.9398   -63.6887    -1110374.2305   -43.8939
  133.4717  -151.5900  -110.0825    73.1374    -1110371.9739   -44.9085
   83.1520  -170.9312   -56.0863   125.1382    -1110375.3739   -45.2906
  166.8865  -110.6821    85.0330   -97.3379    -1110370.6880   -47.0233
  109.5579  -139.7937    83.3452   -97.5497    -1110380.0630   -51.2296
 -115.8390    99.9917    51.9055  -130.3036    -1110374.0908   -46.5317
 -138.7411  -178.2232   -71.6583   109.3430    -1110374.5619   -48.6614
 -143.8828   103.9829   -81.9559    99.6909    -1110371.3578   -45.8924
   64.2174    67.1738  -109.4713    73.9619    -1110375.8171   -45.0445
 -148.2562   -12.0401    78.4696  -106.6905    -1110371.1738   -47.0497
  152.3340  -119.1794   -70.6686   112.6212    -1110368.8622   -47.3613
 -115.0927    13.6191    63.2986  -121.9904    -1110376.3731   -47.9781
  110.7658   -33.4800   -60.1207   123.3329    -1110375.8817   -49.4258
  -81.9226   -72.1770    71.9944  -111.9771    -1110374.9613   -44.3481
 -156.2003   161.4259   119.1198   -65.3442    -1110372.0961   -47.1639
  144.8315   -41.2051   -70.7721   111.3248    -1110370.2585   -46.0913
  145.5344    44.6404   -84.4361   102.5872    -1110373.1047   -45.7950
   33.0563   133.1495    59.1956  -123.6978    -1110367.3319   -45.0739
 -161.1437   146.6208   104.7679   -77.0915    -1110370.1827   -45.4796
  -75.8642  -113.3780  -117.6290    65.4257    -1110376.0562   -45.3374
  -90.7788    83.6023    25.1906  -160.4413    -1110378.9342   -46.6487
   23.7999  -104.4750    -3.3732  -178.2789    -1110370.8358   -45.2607
 -107.5259    97.3300  -112.1803    70.0695    -1110378.1334   -46.7901
 -165.2987   -63.8866   -49.3577   131.4963    -1110366.5179   -43.8889
 -162.0521   141.5169   -93.9647    87.9419    -1110371.3712   -48.4578
   56.7166   101.4786   -87.0881    95.6425    -1110375.2691   -45.7649
  122.7639   157.5533    27.6382  -154.4968    -1110374.3397   -46.2046
  144.9533  -157.9429   -82.2525    98.6651    -1110371.9857   -46.5358
  -26.5275  -160.8587   -95.3442    85.8740    -1110368.2633   -44.3358
  172.1215   -83.5722   -34.4994   146.2361    -1110370.6529   -46.2138
  140.6028    81.9442    53.4189  -127.7616    -1110371.6612   -46.6534
  169.7833   141.5886   -96.3606    85.5742    -1110366.2979   -43.5729
  156.8968    73.5355   -49.7237   131.0902    -1110368.7928   -44.5295
  170.1113    44.7397    74.3165  -107.5906    -1110365.2946   -44.0315
 -102.2683   165.6707    28.5935  -154.3245    -1110377.0687   -47.6021
  -89.3930   135.7940   -33.9004   146.0242    -1110373.5494   -42.4992
 -119.7377   124.7449  -153.4063    29.8447    -1110371.6625   -43.7359
  -51.5861    81.4621    26.6654  -160.2399    -1110376.4362   -46.8781
   81.6932   155.3124   -46.5423   134.5526    -1110375.9446   -45.3540
  158.2097   -98.8144  -110.9920    74.0232    -1110369.3506   -44.9292
  124.6791  -150.8037  -105.4334    76.9819    -1110372.7998   -45.2921
  136.9463   -82.8466    90.0684   -92.8947    -1110374.4255   -46.6621
  127.1863   -42.5059   -68.8618   114.1580    -1110375.2341   -48.4117
   86.7292  -152.7179   -61.7348   119.7115    -1110376.2956   -45.5706
  156.2676   166.4102    59.7147  -121.9697    -1110366.8199   -43.7549
 -146.2701   159.1424    73.6822  -107.5960    -1110370.5200   -46.0249
  163.7228   -75.1490   -30.8269   150.0982    -1110370.9737   -47.0085
  154.9723   122.7998  -121.3927    62.1310    -1110370.8297   -47.1019
    6.1950  -163.3163    86.5685   -94.3389    -1110364.3135   -44.0512
  151.3731   152.1291    16.2634  -164.8579    -1110371.2511   -48.9142
 -177.2075    85.9192   -10.7403   169.0433    -1110367.7084   -42.4036
  174.1457  -121.3012   -54.5953   127.7425    -1110369.9539   -48.0527
   39.1109   154.0486   -50.0386   130.8547    -1110371.9171   -47.5235
 -102.5213   136.3900  -170.5813    11.6416    -1110372.2093   -46.4604
  176.5942  -140.1892    92.8741   -89.0633    -1110367.4383   -44.7977
 -120.9883  -161.9706   103.6855   -78.6341    -1110375.2654   -47.4068
 -112.3121   155.3240   -67.6857   112.5003    -1110370.9484   -42.4283
  168.0113  -101.4651   -60.5196   122.5201    -1110372.6552   -50.3149
  125.1046    30.3627  -108.9733    75.1946    -1110373.3860   -43.7481
  -44.6431   -81.7004    81.4811   -99.9494    -1110371.8742   -44.2810
  120.3071  -146.7746   -78.6042   102.5752    -1110375.5645   -48.0299
  124.8017   115.8350    53.8386  -128.1602    -1110372.1536   -45.2143
 -102.0890   176.9831   -47.9201   130.6336    -1110380.7595   -50.7958
  129.6985  -111.9996   -59.1472   122.0636    -1110371.4944   -46.3220
  114.0071    20.7664   -86.7982    97.7247    -1110375.4711   -46.7590
  123.4571     8.5256   -91.0435    92.3262    -1110373.2447   -44.0914
   77.9005   -95.1921   110.0035   -77.2054    -1110377.3466   -45.5930
  108.1158   -92.5004    55.5620  -129.7087    -1110377.0983   -47.9725
  117.8734  -158.6283    59.6660  -120.9098    -1110375.3774   -47.8823
 -163.4852   159.4379   101.9619   -79.9048    -1110372.7176   -47.9716
 -142.9865   159.0414    53.1217  -129.4871    -1110367.8784   -41.8191
  -83.1627   119.0453    -9.9093   169.2647    -1110373.8131   -43.0051
  130.7541    83.0022   102.7031   -84.1939    -1110370.1083   -41.5069
 -110.9119   -86.4862   -10.7168   169.7853    -1110381.0352   -47.8909
 -176.4161    65.2260    30.1837  -150.0068    -1110369.4629   -46.6048
  -62.0462  -118.7044   -14.4865   165.4994    -1110371.7628   -41.9126
 -138.8903   124.8438   -70.9796   110.4004    -1110368.2642   -43.2869
  136.6701  -164.8663   -71.0569   110.0318    -1110375.1774   -49.5199
 -108.8898   -83.1318    79.1237  -104.3048    -1110374.9812   -45.7567
 -133.2762    76.2297    62.1469  -120.2073    -1110372.2881   -48.5893
  103.2210    71.0267    39.4500  -141.1461    -1110375.8778   -45.9240
  -90.9745   138.3963   -60.1844   120.8772    -1110374.2778   -45.0676
  -64.0310    93.2205  -108.7184    78.6656    -1110379.0500   -47.8262
  -95.1650    50.3589    61.8547  -125.2560    -1110379.0838   -49.3643
   53.5583   163.4635    57.6067  -123.9939    -1110375.0756   -46.9841
 -174.2444   -24.1879   -23.4688   166.7405    -1110363.9566   -39.0809
  -50.9147  -115.6333    53.1844  -127.2028    -1110374.9288   -48.2295
 -105.9475   -57.2581   -48.7669   131.9370    -1110379.0983   -49.6968
  -62.8831    86.7517    26.7763  -157.3368    -1110378.4414   -48.8329
  -62.4031   173.4321   149.5894   -32.1755    -1110375.9460   -47.7845
  170.4331  -124.7352   -61.0277   122.0844    -1110369.6465   -48.1390
   75.1534  -171.1758    41.4377  -139.9180    -1110375.4584   -45.3962
  173.1777   -89.9863   -60.2698   120.0678    -1110368.5837   -47.2759
  -19.6345   171.7743    33.2450  -149.5921    -1110367.4507   -47.2535
 -117.6157   -81.7887    67.9435  -115.0085    -1110371.8731   -43.1162
   95.6212   123.5725   127.0320   -57.2972    -1110376.2707   -46.4884
  155.3223   103.9161    41.9011  -139.3915    -1110369.9338   -46.7408
 -112.4322   164.0846    56.6657  -124.9407    -1110373.8512   -46.6650
  -87.8595  -147.6897   -58.0788   123.8895    -1110375.8614   -45.7984
 -110.9999   137.4379   -36.7990   144.5631    -1110376.2009   -47.3482
  134.3807   -75.2595    15.6657  -162.0258    -1110370.4493   -41.7720
  -65.8470   167.1970   -40.6970   140.7040    -1110373.4820   -43.7467
  -54.8391  -158.2586    94.5123   -86.8608    -1110373.9887   -45.4145
 -106.2928    -5.2067   -58.4947   127.5208    -1110371.1930   -41.2432
 -179.5894  -103.7644   -83.9602   100.5948    -1110367.8938   -45.6391
 -154.0161  -134.3690   -89.5637    93.0493    -1110371.5372   -47.5727
   62.0903  -172.3939   -73.1850   107.2940    -1110376.7055   -48.0715
 -111.3057   -64.8205   -89.1031    96.7937    -1110378.1121   -48.2928
 -100.1636  -173.1138    72.7970  -107.4233    -1110379.9105   -50.1257
  179.7690   175.9857   174.5355    -5.4357    -1110362.5562   -42.2123
  173.2583  -125.3015   -46.9795   134.8495    -1110365.3846   -44.1752
   75.3718  -178.4393   -89.1681    91.7490    -1110378.6245   -51.2106
   82.6767  -135.0237   -75.1838   107.4509    -1110375.2278   -45.3521
 -150.6096   176.9520   -15.9193   165.9031    -1110371.0514   -46.2618
  153.0223    -9.3367   -69.3467   115.3182    -1110368.9693   -45.1786
 -135.6611  -104.1453    95.0132   -87.2730    -1110368.6516   -42.2620
  105.5898  -146.1334    68.8817  -112.3092    -1110374.5274   -49.7263
  -88.8409   143.4712   -81.1940   100.1462    -1110377.0075   -47.1320
 -136.9728    69.8560    50.5645  -130.5249    -1110373.8016   -47.2510
/
CNXopt <1 chi3 chi4 chi5 chi5p >4
 -143.6466   169.4686   152.3020   -29.5287    -1110375.7933   -48.9408
   96.1895   -11.7625   -61.1715   125.6160    -1110381.1963   -47.6860
  151.8013   158.1935    55.4177  -126.6721    -1110375.9616   -49.1259
   24.9767   -89.2988   -13.9870   168.5995    -1110376.3563   -49.2710
  172.2155   137.3125   -20.5569   161.0517    -1110376.3827   -49.6928
  166.4237   104.8224    94.6639   -90.4247    -1110373.8984   -47.5463
   73.8286  -163.6744  -126.2397    58.6369    -1110382.4541   -50.9197
  147.6659   169.6728  -103.5662    78.8314    -1110375.8296   -49.0723
   88.9836  -163.6423   -77.0541   103.6299    -1110380.6827   -49.0636
 -171.3307   100.8993    -6.5860   173.1671    -1110371.2984   -43.3459
  -94.4916  -162.5988    47.6681  -133.0862    -1110380.1430   -47.4293
  127.1521    55.9132    39.6485  -141.3269    -1110376.1704   -46.3380
  100.2668   145.2310   -86.7835    93.9301    -1110375.5503   -45.9335
  170.6546    98.5621  -111.5437    71.4586    -1110375.0371   -48.8912
  139.0121    92.2160    94.8097   -90.2848    -1110375.5301   -47.7742
  -25.5121   -83.7050    27.6963  -150.6848    -1110373.8927   -47.6496
  164.2942    58.9188   -86.5142   100.1433    -1110375.3981   -48.3822
  149.9184    70.3881   -92.5697    91.1583    -1110378.9307   -49.1286
 -170.5797    74.1171    68.7336  -113.6046    -1110373.2406   -48.9495
  137.0396  -151.8063   -41.5043   140.7317    -1110376.4965   -48.2867
  171.2459    69.6283   -69.3772   115.5137    -1110377.5000   -51.1263
 -162.9169   -56.7555    96.3633   -88.1054    -1110373.2756   -46.5852
  123.2812   174.5870   -76.1416   104.2128    -1110378.8349   -48.2868
  160.2822  -172.5977    72.4214  -108.0174    -1110375.2451   -50.3031
  100.2366  -172.5994    84.6740   -95.5976    -1110378.2473   -46.2847
  132.1517   132.9328   -76.9837   104.1392    -1110377.0165   -50.6653
  153.6813  -117.5653   -16.3412   163.0029    -1110368.6552   -45.0365
  -67.2848   135.8736    95.6862   -89.6270    -1110380.0992   -49.1761
 -174.5631   -59.2708   -45.0742   135.8760    -1110373.3245   -48.2846
 -142.4505  -156.7492   -84.1803    96.9390    -1110374.2673   -47.8464
  174.9640   159.5143   125.3146   -59.7070    -1110375.5531   -47.4149
 -144.2006    57.0498    30.1125  -159.9919    -1110377.5417   -49.8214
  -81.5630   137.7057    21.5055  -159.7127    -1110378.1226   -48.0020
  -92.4382   -73.4359    78.5931  -104.6575    -1110374.5706   -43.3460
 -102.0737  -156.4995  -107.3409    75.5033    -1110380.9049   -48.5220
  179.3573    86.9407    91.3380   -95.1649    -1110374.3740   -49.4700
  176.1819   177.4965    23.1311  -158.9342    -1110376.0996   -49.9409
  120.4866   -95.6314   134.3495   -50.1604    -1110380.0192   -48.0866
  105.4220    92.5896   -45.7272   134.6164    -1110380.1776   -47.7353
  153.3414    62.8601    43.2363  -137.1406    -1110377.9055   -51.3995
  -91.2319   176.3512    80.0482  -100.0854    -1110384.8931   -52.8370
 -118.5497   162.8582    93.0815   -87.5695    -1110377.5387   -46.9697
  140.5507   118.3194   -72.7178   108.3980    -1110375.0740   -49.2113
  137.1991   176.8701   -27.4441   154.7566    -1110375.3911   -48.0658
 -124.2129  -134.6243    67.3250  -113.2928    -1110377.9586   -50.8349
   44.8098  -129.7380   -68.5148   116.3241    -1110372.0699   -46.7979
  -80.7570  -149.5838   -29.1264   152.4966    -1110379.9726   -48.3963
 -136.1084    73.3260    18.5515  -163.0532    -1110378.2667   -48.2365
  135.9519  -169.9187  -140.3431    43.2637    -1110375.3701   -46.7732
 -109.1546   170.7246    86.6117   -93.9112    -1110383.2005   -49.6593
  118.3657   -80.0549   135.5643   -52.1637    -1110383.9184   -51.5298
  131.9013   121.7257   -79.7112   101.8801    -1110375.8996   -49.3112
  150.4922   116.3217    90.0759   -93.0185    -1110376.2180   -49.9354
  -79.8974   143.1692    84.5915   -98.5293    -1110383.7025   -50.9552
   72.7985    32.3303    50.2364  -132.5822    -1110383.0025   -51.6770
  146.9418  -111.6036   108.6514   -73.6498    -1110374.8834   -46.9187
  -66.8911  -158.1424    51.2795  -129.3006    -1110376.9346   -46.2314
 -174.9765    47.2886  -122.2602    61.3289    -1110375.2125   -48.8570
 -162.5570   177.9144   -66.5636   113.6336    -1110379.1472   -53.1419
  135.4476   141.9469   -40.7168   140.4951    -1110371.4593   -44.1603
 -159.6358    -9.2799    89.7526   -93.5704    -1110374.0556   -47.7417
  121.2366   124.1295    52.3042  -129.7064    -1110374.7245   -47.8228
  156.3764    66.0221    46.5173  -134.0701    -1110379.6503   -52.5462
  165.0592   -21.2178    67.3934  -119.4234    -1110374.4287   -49.4194
  -86.5724   145.1133   104.3621   -78.9723    -1110381.7211   -48.9608
  -66.6640   169.6234    79.1101   -99.4116    -1110387.8452   -54.5945
  115.8977   -91.0338   -89.9145    95.1362    -1110376.4825   -43.4077
  -79.1238   -92.9753    85.7497   -96.1067    -1110378.8722   -48.6523
  -76.4049   119.8818    57.7529  -129.3842    -1110377.5659   -46.3421
   67.4719  -103.5384   140.3983   -45.5059    -1110379.5063   -47.4925
   81.8744  -143.8187   -16.9789   163.4578    -1110381.5394   -49.8847
 -110.3430   154.2161   -57.8914   123.1390    -1110379.3645   -50.1878
   55.8729  -171.2174   -47.4198   134.6868    -1110376.4535   -47.4571
  -55.0131   -75.9949     1.4273  -177.1596    -1110381.3213   -48.8747
  166.2366   -68.6949   100.0969   -83.8461    -1110381.3942   -53.9742
 -109.3634   -61.9169    86.7736   -99.2248    -1110383.5675   -48.5768
   53.4506   130.5799   -81.6850    99.3184    -1110375.6611   -48.2798
  164.2213   128.3054   -68.8950   112.0312    -1110368.9095   -46.8094
   79.3943   -54.9853    91.2822   -96.6467    -1110386.9417   -52.7335
  151.2936  -168.5333   -39.6175   142.6638    -1110374.2639   -47.0003
  109.0859   -53.3761   -24.5072   165.8166    -1110379.0523   -46.1239
  165.0193   153.9282   -65.3168   114.3757    -1110372.7071   -47.9206
 -175.9157   -57.1065    95.4104   -89.2805    -1110376.8988   -50.2186
   95.6647  -142.2370  -121.3662    61.7622    -1110384.4877   -52.5628
  -57.7629  -175.1438    48.4050  -132.8221    -1110379.2201   -50.0548
  -32.4725   152.5953  -100.6431    81.4226    -1110373.7887   -48.1677
  178.1695   -34.6028   -51.1387   132.0078    -1110376.3767   -50.7073
  -94.0089  -121.1230  -172.5485     6.8171    -1110377.4712   -46.2156
  146.0721    91.1651  -126.7824    57.9156    -1110371.3578   -42.3960
 -130.9118   174.7183   -28.6744   150.8856    -1110381.3919   -52.1106
 -144.4495    79.9092     5.3766  -176.0754    -1110377.3992   -48.2372
 -149.7482   155.5359   140.4633   -43.7559    -1110374.9158   -46.3100
   40.5317   137.2409    88.7895   -92.6698    -1110377.5120   -50.1207
  -74.5137   153.7988   -41.4859   139.2383    -1110380.5566   -49.3286
  -30.4919   174.6905  -116.8064    66.9802    -1110372.2591   -47.1448
 -143.7765    97.2468     3.5424  -176.7278    -1110379.3302   -49.1081
 -168.1402   -57.4806    90.1577   -95.7507    -1110379.9467   -53.1216
  109.8933   144.8391   121.8682   -62.7853    -1110379.5899   -48.7907
 -104.7736   163.7967  -118.9032    64.6392    -1110380.4156   -48.6333
  -82.7329   -65.7239   114.6004   -71.4483    -1110384.3532   -50.3484
 -143.4611     3.2219    78.7281  -102.1074    -1110372.8782   -46.8771
  -99.0837   -80.1320    25.1602  -153.6407    -1110382.9148   -50.2119
 -105.5017   -80.3906   -10.0568   170.2085    -1110380.1034   -46.8632
  146.6998   -33.9425    97.4916   -87.3727    -1110377.6246   -49.6900
 -135.3132   -42.8462   -38.1049   145.0553    -1110378.5112   -47.4923
  174.5571   -92.8356   -77.0101   104.9530    -1110370.4806   -46.6715
  173.5859   133.0967   -91.6057    90.1844    -1110370.0122   -45.2007
  146.4084   -68.2999   -51.0745   130.0749    -1110375.6512   -50.5294
  122.8899  -144.4280    35.7232  -131.8963    -1110377.8288   -48.1011
  -86.8927  -169.6359    79.2373  -100.8071    -1110384.4030   -51.4647
 -116.8974   156.5446   -15.5142   165.9647    -1110379.4017   -49.4236
  117.2645   -62.5565   110.4752   -72.6970    -1110381.4382   -49.7526
  116.7934   -75.8474   -39.2709   142.4554    -1110379.1903   -48.1592
 -125.1855  -123.0652   -45.8481   135.8856    -1110376.3757   -47.9655
  116.4125   111.4155   -90.1085    91.8830    -1110378.9228   -49.4708
 -169.0595  -143.5685   -78.7777   103.0876    -1110378.4589   -52.2574
   98.9505   -82.9592    83.6268  -102.7779    -1110383.5381   -50.4534
 -103.0705   -82.4582   -36.7712   144.6123    -1110380.8209   -49.3827
   82.5795    83.2020    40.3846  -140.3276    -1110383.3342   -50.9448
   94.0826   157.4467  -110.4637    72.1090    -1110380.4713   -49.2461
 -176.3078   163.0853   -45.4817   135.2360    -1110378.0526   -52.3354
  174.1872  -140.6002   -70.1671   112.2217    -1110375.4820   -50.2349
  -57.6712   154.5106     3.0140  -177.8033    -1110382.5686   -50.6679
   92.7056   147.3572    41.8894  -139.9422    -1110383.3774   -52.4023
  -90.0068    74.6866    42.7124  -139.1051    -1110388.9332   -55.5657
  143.2186   172.1333    73.9387  -107.4187    -1110378.9613   -51.0000
   90.1798  -146.8017    68.8138  -111.6949    -1110380.5886   -49.7006
 -133.9912   -73.3269   -66.4596   115.9860    -1110377.6108   -48.7871
  139.3403   -90.4012    39.8744  -140.9623    -1110378.1224   -49.4609
  105.4539    93.2725   -38.7710   141.5287    -1110380.4891   -49.1786
   84.7530   125.3323   -52.1593   128.1935    -1110380.9164   -50.0181
 -162.9792    69.8980   -97.2122    86.4604    -1110373.2224   -45.2042
  113.2846    35.7102    48.2956  -135.0072    -1110380.4019   -50.0904
 -151.8697  -177.9569   -59.6663   120.6429    -1110373.7888   -45.5553
 -168.3593   156.4983    46.4427  -136.0409    -1110369.0036   -46.1568
 -114.9661   -63.9892    94.7476   -88.9164    -1110381.4644   -49.0426
 -157.9221   -44.5617    58.0708  -130.6639    -1110369.9157   -45.4804
  -27.0504  -172.1007  -129.7729    56.7979    -1110374.9502   -47.6738
  -73.2157   166.3905   110.8007   -72.4826    -1110380.4576   -47.0529
 -175.3361  -163.5308   -76.1591   104.9110    -1110371.1947   -44.9403
   69.4194    64.3324    36.6969  -144.2526    -1110384.3582   -51.5427
  157.9684    82.6888    74.4347  -108.4577    -1110375.8065   -51.3351
  124.6427   -55.4043   122.8097   -59.8231    -1110376.5744   -45.3397
   81.5257    81.9946   -94.8175    85.5379    -1110385.3994   -52.8421
 -150.3739   176.2102    80.5580   -99.8213    -1110376.5812   -49.6132
  -89.0937  -163.9384    95.7477   -85.2966    -1110381.1551   -50.7009
 -109.5756   -98.5696   -77.0034   106.2642    -1110380.6204   -50.4052
  -58.0027   -47.7711   -38.4706   143.6844    -1110377.9314   -47.6847
  123.5205    57.9924    36.8625  -144.5160    -1110375.1826   -46.6104
  -75.1079   -26.9633   102.4324   -81.6659    -1110383.0252   -47.6458
 -117.6770   -97.6048    96.3311   -85.8889    -1110377.6468   -49.6467
  -62.2105   122.9889   -78.7338   103.2170    -1110380.7099   -50.1512
  -87.6568   177.4486    82.0499   -98.0654    -1110382.7882   -50.6784
 -107.1753   -95.2935   106.1411   -76.2242    -1110380.3987   -48.7549
   85.5651   160.7829   -97.6131    83.7204    -1110380.3364   -48.4059
  -93.8772    70.6505    59.1175  -125.4052    -1110385.0853   -53.1418
 -175.7366   -36.2923    91.8005   -93.4040    -1110372.1973   -44.8838
  141.4808   103.1146    80.6792  -102.2330    -1110374.3072   -48.8616
  130.0689  -140.0935    15.8950  -164.9035    -1110380.1450   -49.4960
  -86.9727  -139.9970  -166.5713    13.2907    -1110375.9430   -44.8356
   80.9201  -153.8163   122.6394   -60.3533    -1110384.5797   -52.2398
  -85.9124  -161.0404    53.3171  -127.2057    -1110375.3027   -44.1400
  154.9562   -87.8341   -47.1132   134.0501    -1110374.9603   -49.1479
   95.3096  -136.3827   -98.5210    86.1165    -1110385.1750   -52.7628
  133.8598   157.4082   -61.8075   119.3830    -1110377.5460   -47.6945
 -137.9926   145.7233    54.7355  -127.6952    -1110375.9322   -47.8191
  158.3217   -87.6294   142.6291   -41.8995    -1110378.2390   -50.8337
 -159.5080   -42.1444    99.6522   -84.8296    -1110378.5124   -50.0872
  112.3824    76.5396   -53.6659   128.2837    -1110379.0561   -49.5487
  133.4505  -103.3401   -70.5687   112.6766    -1110380.0186   -52.9406
 -131.8229   -82.1553    78.5689  -104.4718    -1110376.9670   -48.7001
 -145.0567    -8.8627   -63.6668   121.3068    -1110373.0627   -46.7651
  136.1069  -173.3077    50.6100  -132.8978    -1110381.8377   -52.7231
 -152.1183  -110.7142    31.5054  -149.1042    -1110371.6965   -44.1758
   88.9580  -101.3058   117.5873   -77.6633    -1110381.4826   -44.8408
  159.6064   150.8193   -97.1266    84.8346    -1110375.5013   -50.0566
   29.8411    76.2118    17.3813  -162.8108    -1110377.0306   -49.9057
  -79.2073  -138.3236    66.4582  -114.0031    -1110378.9945   -48.7652
  -66.4003   128.5614   -81.8045   100.7926    -1110377.9769   -45.0817
  144.7534   132.6624   -43.2898   137.4821    -1110373.2244   -46.6721
   80.3387  -152.0072   122.5424   -60.7847    -1110377.9527   -46.0698
  136.6851   173.7731    18.7462  -162.5669    -1110379.0542   -51.4986
 -178.6020   154.3355    -9.9019   171.5416    -1110374.8673   -46.3144
  -76.6236  -160.4900    33.4081  -148.5760    -1110383.5031   -51.1873
 -162.7348   -51.9419   -20.0730   163.7109    -1110377.7257   -49.2107
  109.9286   -72.5005    99.9447   -83.2129    -1110385.8485   -51.9056
  -55.1427  -105.8857    46.0144  -134.3843    -1110377.4404   -47.0686
  126.1302  -167.0870   -80.7802    99.6475    -1110378.4908   -47.9087
   58.3538  -178.6746    62.9038  -117.7282    -1110382.2926   -51.4164
  -95.5432   -39.9308   -75.2600   105.4033    -1110380.7694   -50.0334
   45.3258   154.4102     9.0501  -171.1030    -1110374.0115   -46.4600
   67.9228  -178.6129    75.3232  -104.5767    -1110380.0822   -49.4221
  146.9133   -57.4361   -30.3923   152.3467    -1110375.5698   -48.4561
 -175.7478    84.5596    33.7102  -147.1189    -1110373.4761   -47.2996
 -164.4031    60.7394    -0.9961   174.1900    -1110373.8148   -47.9130
  -96.5745    83.3325  -117.9570    65.6813    -1110387.1591   -51.9643
  105.3881  -129.6068   -57.4491   124.7336    -1110379.5386   -49.8633
  -68.8773  -167.7737   105.1309   -77.0238    -1110381.9932   -49.8365
  142.8020    98.2180    49.7995  -131.5294    -1110374.8357   -49.5077
  111.3875    66.0590     9.7731  -173.3844    -1110385.6162   -52.4933
  175.0569   131.7793  -118.1755    64.8330    -1110373.5653   -45.8738
  135.4090  -143.4168  -170.5929     8.9194    -1110369.0173   -42.1728
   57.4611    89.3358    43.0887  -137.5032    -1110378.0265   -47.9845
 -152.8767   -14.5444   -69.2428   113.5664    -1110374.5723   -48.6085
  -72.0431  -163.7076   -83.4518    96.7946    -1110380.7036   -47.0914
   39.2689   166.5320   113.6942   -69.7685    -1110374.5102   -47.0315
  143.0604  -143.0421   135.8347   -47.7576    -1110376.2992   -49.1307
 -168.2862  -102.5782   101.1776   -80.6364    -1110371.9781   -44.8647
  119.7930   -76.9760   -23.7449   158.2712    -1110380.4866   -49.8938
 -110.1880  -143.2075    82.5403   -98.3949    -1110379.0803   -48.4684
  -36.8435  -172.7301   -88.1848    92.5312    -1110373.3607   -46.4866
 -156.0145   -35.5420   -32.0359   154.4053    -1110377.2300   -49.2570
   46.3161   131.2079    43.8785  -138.2150    -1110376.1733   -50.0502
  -90.0043   114.5888  -103.8891    79.4549    -1110382.2719   -49.6928
  147.4498   -34.0362   -63.4767   117.2274    -1110371.7658   -47.6997
   79.9543  -179.8672   -97.0306    84.1737    -1110381.9965   -49.9145
  139.4769   158.5763   -94.0403    87.2484    -1110374.3636   -46.8351
 -167.4594   155.1108   -91.9326    89.9945    -1110373.2469   -48.7740
  176.3412    50.7982   -99.5434    86.1909    -1110371.5371   -46.7794
 -148.1232   -34.5832   -45.4491   138.0635    -1110376.7072   -47.4101
 -127.9737   -99.7354   159.1573   -23.4171    -1110373.4740   -46.3594
   85.5900   -92.2968     2.3984  -169.3189    -1110385.4321   -50.9041
  -71.1348    59.2592   -98.9200    89.0271    -1110382.7483   -49.4479
 -152.6675   -43.6712   -24.5352   162.0870    -1110377.5785   -49.4473
  146.9967  -135.6295    36.3512  -147.6196    -1110377.1902   -49.3052
   63.2118   154.8985   105.1803   -77.1470    -1110382.0429   -51.0179
   70.2563  -175.4789   -44.6950   138.2282    -1110387.9247   -55.7865
   72.6318   -88.8051   -36.9758   146.9890    -1110383.2886   -51.0624
  172.0887    22.5280    67.6558  -113.6581    -1110373.8229   -48.6379
  171.8440  -172.7808    79.2133  -101.3402    -1110374.4302   -49.2328
  142.4301   115.8675    68.0852  -114.5333    -1110374.8066   -49.4420
  149.6359    95.7957  -116.5344    67.3246    -1110378.0289   -50.0923
 -100.5639   141.0424    62.5207  -119.5514    -1110378.7380   -49.4127
  178.8128   109.7329   -44.2818   137.3739    -1110372.1743   -49.0018
  146.6907  -144.9326   105.6614   -76.9825    -1110376.2611   -47.5443
  109.6697   113.4502    50.3211  -131.2022    -1110379.5367   -48.5152
   79.5662  -141.9460    92.0523   -89.3936    -1110379.7493   -47.6242
  144.3644   142.2251  -118.5939    64.4477    -1110373.4835   -46.5725
  -59.6002  -149.4433   -92.4360    88.4474    -1110378.1553   -45.4715
  -70.9711   130.3533   -41.0699   138.5308    -1110382.7407   -50.7920
 -167.8480   176.0467    71.7068  -108.8940    -1110375.8518   -47.9868
  118.2145    89.8790   -56.4530   125.3329    -1110378.2202   -49.8577
  -78.9524  -169.6653   -70.7035   109.6293    -1110382.8619   -49.6189
  137.9889    28.4278    51.8217  -131.4117    -1110376.2654   -49.6620
  152.7731    90.5282   -97.4178    84.8246    -1110376.3726   -49.5382
 -105.2909   -80.5305    22.8791  -155.9887    -1110383.0790   -49.7216
  -10.2013  -173.2945   125.5826   -58.3522    -1110374.9718   -50.1906
  131.1660   136.6801   171.0023    -8.5934    -1110375.9183   -48.4330
  106.2386   -99.8566   -59.1162   123.3627    -1110379.8702   -48.6431
   25.7318   147.8813   -65.5761   114.7029    -1110371.4219   -46.3288
 -115.8288   -97.4741   -60.0033   122.0051    -1110378.8656   -49.3738
  117.2012   -16.7420   -73.8712   108.5530    -1110379.3758   -49.0625
 -174.5433    31.8992    22.9600  -163.9361    -1110373.0235   -45.5443
   67.0790  -156.0549   -17.8156   164.7632    -1110381.1156   -47.9578
  118.5716  -116.3063   -54.2164   128.0436    -1110377.8573   -48.6086
  -76.3283   130.1531   -71.9649   108.6414    -1110377.4872   -45.0542
 -156.0743   -78.0496   152.3115   -30.5697    -1110376.0435   -48.8482
   80.7639   100.4454   -76.0063   105.2173    -1110378.5085   -46.5507
   98.0321  -113.9800   -60.1188   122.2272    -1110377.7353   -47.9238
 -105.7856   138.0854   110.3662   -71.6650    -1110382.6453   -50.2692
  -94.6175   133.4796   -79.4199   101.0327    -1110382.4885   -50.1687
  125.7752   120.8264   -85.3192    96.2455    -1110374.7151   -46.8897
   87.6837   -63.0592   111.2781   -74.1866    -1110385.2681   -50.3467
  -42.3530  -131.1517   -91.2538    90.4595    -1110373.6265   -47.3013
  -72.4848   -70.9590   -50.6375   130.0108    -1110379.9875   -49.6615
  102.3562  -138.4898    99.0665   -81.7911    -1110382.0666   -50.5969
  166.6650   -93.5760   -56.8851   124.8748    -1110372.3731   -47.1937
  122.1156    47.2280    41.3903  -140.6448    -1110378.9390   -49.1064
 -125.9170   155.4350    91.3511   -89.7885    -1110375.6671   -46.6669
  172.2575   139.3392   -44.3430   136.1083    -1110375.9744   -50.2611
 -129.2098   -74.0797    46.2821  -134.5733    -1110379.7463   -48.2193
 -176.1732  -174.2889    36.6490  -145.5646    -1110374.0187   -49.3672
  -76.2862  -123.4086   -14.4634   165.6447    -1110380.5981   -46.0012
   65.2110   101.4787    74.9360  -110.4909    -1110382.6321   -53.5572
  128.5094   -76.5317    99.2177   -83.3522    -1110382.7485   -51.0308
 -100.8692    82.4531    10.2396  -175.3476    -1110383.0979   -49.1631
 -102.5029   110.5162  -103.2775    79.2632    -1110379.9185   -49.7705
 -163.3135   176.0112    66.6514  -114.3619    -1110376.5661   -48.3360
  133.1280  -164.4054   -98.1308    83.5528    -1110378.4657   -48.3782
  111.7177   179.8951   -86.1170    96.1994    -1110381.8972   -48.9080
  163.0548  -128.1830    44.1044  -136.5058    -1110372.4330   -47.2902
   66.0132  -168.2187    75.2648  -107.5921    -1110385.2830   -51.5776
  167.1629   -87.0289    35.4077  -144.2964    -1110377.1115   -51.2854
 -162.1008   176.9645    26.3803  -155.9803    -1110375.1840   -50.7977
 -108.8348    64.7131   -94.2199    89.4012    -1110384.1874   -52.6910
  138.1816   -72.4648    75.2049  -111.8267    -1110378.7898   -49.0769
   58.6175  -173.5334  -113.7897    69.9291    -1110383.0662   -51.0363
  124.6207    83.9841  -173.3033     6.8414    -1110377.4042   -49.6510
  174.2878   174.1503     5.1176  -175.3371    -1110371.6449   -46.7126
 -143.3664    51.7913    48.3292  -136.4253    -1110380.3158   -51.7878
 -160.1813   -80.6450   -54.9256   126.5453    -1110378.2585   -52.4485
  127.6659    52.4479    28.7482  -154.8185    -1110382.2864   -52.1936
 -107.8741   154.4085    39.5001  -142.6061    -1110377.9859   -47.1270
  112.9184    83.1991     1.8821  -178.6112    -1110384.4398   -52.0616
 -115.9777   -27.7180   -79.6149   102.4239    -1110372.4402   -42.4535
  141.5255  -171.5231    53.4936  -128.7934    -1110377.3588   -48.4258
  -48.5376  -176.1119   -88.5895    92.0830    -1110377.4238   -49.3224
 -172.0295  -120.3412   -67.5685   115.5632    -1110369.9598   -47.2764
  -35.1196   158.2199   -94.2694    88.4224    -1110374.4076   -44.4706
  -82.1378   -77.8165    22.2154  -156.8119    -1110382.0982   -47.0659
   89.3187   174.1953  -176.3497     3.7253    -1110378.3368   -49.6003
 -178.3678  -179.8886   -53.1196   128.5670    -1110375.5856   -51.8848
  153.6742   154.7234  -126.0574    57.4163    -1110376.5384   -49.6863
  -63.6889   -94.4892   -36.2070   144.2633    -1110378.6252   -48.5983
  -97.4182   163.9225    81.2222   -99.3600    -1110380.2401   -49.1701
  100.2336   164.3720   134.5647   -49.9815    -1110375.1130   -43.1117
  154.9432   -53.4838    89.7325   -95.6063    -1110376.9243   -49.5805
 -118.3895   -81.6887   -75.3080   108.0699    -1110382.8502   -51.8404
  133.4068   112.0492   -63.8503   116.8031    -1110373.9940   -46.1068
 -152.5340    64.4689   -66.5204   119.3569    -1110376.3163   -49.8375
  109.4161   157.7346   119.4923   -65.0676    -1110379.9383   -48.5198
 -118.2223   -64.7817    81.8230  -103.3072    -1110380.3930   -51.4322
  154.2512   142.8308   -94.1992    87.5052    -1110376.5870   -50.6218
  -91.6833  -122.2528    22.2263  -158.8106    -1110379.5116   -46.6508
  121.8352   -49.6488   -68.6932   114.0833    -1110382.1802   -52.9742
 -128.4413  -128.2867    78.7883  -102.5085    -1110374.2038   -47.0179
   56.1986   134.8927  -104.8956    77.2421    -1110380.7393   -50.9267
  -51.8024   177.8330    49.1142  -132.2042    -1110379.8299   -50.4610
  123.1594  -150.9536   100.7622   -81.3911    -1110377.9221   -48.4297
 -166.2815  -103.0304    44.9239  -135.3830    -1110376.6922   -51.4518
  -85.8274  -158.2114  -143.2465    40.1286    -1110375.7501   -42.7906
 -171.7086    99.4039   -68.3008   113.2279    -1110374.5863   -49.9638
 -101.7441   -16.5765   -54.5805   127.6099    -1110378.1538   -43.9966
  -69.9343   102.0565   -79.9969   105.9316    -1110378.8560   -47.3920
  161.4323    92.1560    -4.9669   175.1397    -1110375.8915   -48.5730
 -155.6454   173.9698   107.0456   -75.9013    -1110376.8292   -49.2503
  156.9657  -117.0147    94.5968   -87.3498    -1110377.8225   -51.2627
  146.6686  -116.6724   113.6386   -69.0810    -1110377.0201   -49.4698
  -79.4756  -160.5454   -62.7018   118.5759    -1110381.5666   -49.9817
   64.3901   105.6964    -6.1240   172.6508    -1110379.9495   -46.2691
 -108.9337   117.6371  -127.2632    57.1317    -1110381.6460   -48.2889
 -111.8361   -95.2957    42.9265  -137.2643    -1110380.1029   -49.0668
 -120.0350   167.4019  -157.1965    24.6393    -1110375.7217   -47.4536
  -89.9881   123.4947   -95.1983    90.7215    -1110380.7716   -46.1521
  -87.7924   -99.8100   -60.7176   121.4839    -1110376.6247   -44.5708
  172.1950  -153.7886    79.7661  -101.0954    -1110375.3275   -51.0839
 -143.9718    57.1597    -5.3728   168.2111    -1110377.7016   -48.5594
  115.8291   150.6703    65.6266  -116.3731    -1110382.5271   -52.5799
   99.0655  -103.5282     2.3570  -171.8841    -1110387.9302   -52.1420
   95.8726   175.7358   -84.6167    95.6088    -1110380.0329   -46.9866
 -142.1702   -98.6159   -63.8606   118.3959    -1110373.6575   -48.4933
  175.0121    75.6682   -78.1016   105.9465    -1110370.2928   -43.8655
   78.9687    92.5583   -15.1882   165.1407    -1110379.9113   -47.7859
  -53.3267  -103.2260    79.8618  -101.3161    -1110377.8096   -49.2110
 -127.0866   -78.7389   105.7133   -76.6398    -1110381.1660   -50.5184
   92.1230   179.8973   163.9672   -16.5942    -1110381.7460   -52.0454
   64.8858  -179.5963    65.5159  -114.9046    -1110379.5490   -49.1256
  -95.7055   160.4792    31.6405  -149.7364    -1110379.8139   -48.2926
 -159.8687    55.1186   -60.5603   126.7819    -1110370.6415   -45.7462
  -95.1365    85.2949  -123.1817    60.7795    -1110385.2317   -51.6020
 -132.6878   108.5717    49.4051  -128.5864    -1110371.6201   -46.3701
   88.3376   177.7334   105.4375   -76.8768    -1110379.5578   -46.2081
  -45.6744  -165.7180    60.2809  -119.6217    -1110382.9672   -54.3819
  152.1517   157.5015    44.4224  -137.8643    -1110375.2928   -47.6495
  103.0178  -115.5627    93.6903   -88.7213    -1110381.3741   -47.1004
  124.8083   138.5722    98.8416   -83.2344    -1110378.1515   -49.1738
  151.7220  -124.6561  -103.1093    79.1776    -1110375.7471   -47.8077
 -148.2128   165.7773   -85.9731    95.0231    -1110374.9536   -48.0120
 -105.2791    75.5037   -68.0735   117.6447    -1110380.8810   -48.6981
 -175.7204   115.4656   -42.0351   139.2819    -1110369.5281   -46.8254
  139.9990   170.2778  -120.3745    63.5784    -1110376.7166   -48.4136
  107.4203   105.0233   -64.7443   116.6597    -1110382.1010   -52.1511
  141.3781   167.7052   -51.1377   130.2985    -1110383.6169   -54.6797
  146.8941   179.4760   -67.7423   112.7927    -1110374.9708   -47.2136
 -116.7935   -85.8887    89.9715   -92.5007    -1110381.6027   -49.6009
  -72.1930   -51.0897   109.1172   -73.7896    -1110388.2620   -53.8873
   90.8311  -153.3614    29.3983  -152.3374    -1110382.2826   -47.5824
  175.4430  -166.2070   -91.2829    89.9505    -1110376.1873   -48.5471
 -134.5076   179.2965    80.4025   -99.9259    -1110376.3329   -48.0053
 -158.0944   178.3132    57.7042  -123.4711    -1110370.3060   -44.5027
  153.8235    24.2349    29.1405  -160.9370    -1110372.0454   -46.3906
 -151.6831   -49.9293   -29.7290   153.5093    -1110371.7197   -46.2960
  178.9672    69.5804  -128.4990    55.1619    -1110373.7586   -48.1770
  149.7319   -75.3326    75.7073  -108.7871    -1110376.4108   -50.6320
 -114.3597    92.2457     7.1302  -174.6732    -1110381.7377   -47.8780
  103.7675   -80.8664   -28.8807   152.9903    -1110380.8667   -48.4118
  169.2616   106.1932   -84.7742    97.4624    -1110376.2271   -50.0534
  170.3819   147.6929     6.2191  -173.5504    -1110372.6925   -46.6124
  174.0629  -157.7634   -72.1928   109.4000    -1110370.6596   -46.3546
  148.8615  -124.4713   106.2902   -75.9803    -1110376.9337   -49.9082
  -65.9060  -108.7645    64.3391  -115.9036    -1110380.3461   -50.0777
 -179.7280   -74.1539   -21.2951   156.5506    -1110380.7890   -53.8030
  -42.5765  -176.9026    45.6852  -136.2571    -1110373.7992   -44.1859
  109.8459   132.1928    -7.7012   173.7624    -1110382.9784   -50.1331
  107.2264   -76.2952    82.2886  -104.3003    -1110383.7258   -51.7509
  169.4644   -75.6052   -69.8773   112.5606    -1110374.3206   -49.4701
 -130.3215   174.0990   -46.2504   135.0712    -1110378.3194   -50.3923
  134.4255   112.4415   -32.3511   148.2389    -1110375.4662   -47.2746
   77.7269   162.7666  -143.6955    39.1409    -1110379.3135   -47.7673
   96.0751    21.7491   -80.0744   106.6993    -1110379.1818   -46.7672
  177.0198    64.0529  -143.7097    39.9739    -1110375.0741   -48.7231
  -73.3619  -102.2713   -91.8023    92.4659    -1110382.0078   -50.1628
   91.9686  -143.1312    46.5870  -133.8624    -1110382.4391   -51.3031
 -118.5833  -150.4501    61.2917  -118.9685    -1110375.4676   -45.9839
  104.1144   163.8473   -81.6011    98.6807    -1110381.3486   -50.3693
  106.2068  -179.7788    58.2857  -122.4671    -1110380.5250   -49.4978
  144.2667   -92.5251   -56.6270   125.9454    -1110375.7567   -50.4477
 -112.7359   -73.0561   119.4308   -65.0881    -1110381.0915   -48.2318
  168.2768   -99.0868   -58.8062   123.3627    -1110371.2690   -49.0187
  137.9276  -102.1705    52.5199  -128.8334    -1110372.7952   -46.1661
  -67.5500   111.8975   -76.7477   109.4127    -1110381.3338   -48.4097
 -144.7234  -109.5842    71.7561  -109.7331    -1110374.4211   -47.9784
 -177.3721    73.6341   -49.3349   129.8269    -1110376.1315   -51.3251
  142.3758   126.3111   -36.5602   144.3259    -1110375.5072   -48.8761
  -81.8302  -126.1912   -84.2674    97.6378    -1110382.9680   -50.6742
  101.9127  -138.2308   114.7706   -71.8855    -1110387.4673   -54.9497
  -95.1994  -164.6920    63.8740  -116.3203    -1110383.4953   -51.7593
  130.3793   -65.2758   101.0877   -82.0949    -1110383.8148   -54.0052
   51.7705  -177.1773   -56.2753   124.6914    -1110379.9062   -48.5620
  -99.3527   -72.6762    -0.0035  -179.2697    -1110381.4083   -49.5174
  -99.9143   175.5071  -137.9241    45.4950    -1110383.1820   -51.1353
 -171.3136    85.4432  -138.9309    46.0122    -1110374.6424   -50.1423
  -76.7027  -152.0624   -25.2209   156.6022    -1110382.4107   -48.6076
  139.7802    88.6390   -77.1059   105.4567    -1110379.0140   -50.8116
 -153.0535    30.0095    55.9733  -127.1985    -1110373.3356   -46.3789
  174.2727   108.3795   -76.0451   104.3213    -1110374.7220   -51.5571
   48.3161  -129.6203   -16.7624   163.9884    -1110373.0221   -43.9959
  118.6803   175.9784    51.5037  -129.7710    -1110379.9754   -50.7706
 -110.2676   106.2054   -65.7832   117.0155    -1110380.3600   -50.2529
 -148.5456   131.7361   -45.4695   135.4532    -1110370.0328   -43.8364
  -90.9350    99.2729  -135.6840    50.0788    -1110385.2910   -51.3398
  -17.6377  -164.3151   -30.8898   151.5976    -1110369.4123   -46.8646
  123.3790  -117.1317    54.8759  -125.1109    -1110378.1092   -49.7356
  151.5525   176.5011    74.7309  -105.7797    -1110375.4860   -49.5364
  121.5684  -128.5918   -95.5247    86.5849    -1110379.7234   -49.6651
  121.7731   173.1062     3.3057  -177.1310    -1110380.1452   -50.2647
  152.3251  -173.5312    80.8193   -99.8352    -1110378.1059   -51.2391
  136.3345   137.4051   -71.2368   109.7341    -1110376.4848   -49.6707
  114.7844  -178.8808   -58.4841   122.2288    -1110381.1943   -51.5113
 -173.8678    90.9236    83.1157  -101.7365    -1110375.1632   -50.3545
  158.4665  -168.2561    12.0179  -169.5320    -1110375.1536   -46.0590
   66.9078  -167.3918    65.3313  -114.8404    -1110382.5793   -51.9593
 -179.5532  -146.6993    20.0058  -162.0754    -1110373.3654   -47.6982
  101.5668  -174.1144    87.9209   -91.9898    -1110381.8018   -49.5323
  156.6351  -137.4131    91.8968   -89.6662    -1110373.7744   -48.4611
 -164.0411   -62.8290   105.7781   -77.4816    -1110378.0029   -50.0856
  122.1760    95.4290    85.6734   -98.1448    -1110375.4466   -47.1260
  147.6736   -80.7983     5.0619  -172.8351    -1110378.9632   -50.1152
   60.9917  -152.5432    25.8808  -156.0839    -1110379.1676   -47.7726
  134.4900   -75.5486   -53.2047   130.6409    -1110379.1175   -51.0711
  -96.7362    91.1592   -14.6534   158.7595    -1110384.5200   -47.3287
   92.4455  -160.3112    64.5674  -113.3860    -1110379.3174   -48.4818
  -86.7407   146.8885    53.7164  -128.1201    -1110380.4899   -49.7012
  108.8716   -96.1210   108.9415   -70.4372    -1110384.9098   -52.5652
  -97.9351  -115.8921    50.7789  -129.6388    -1110379.4187   -47.9470
  107.5613  -174.0035  -128.7234    55.4840    -1110381.6530   -50.6832
 -166.1899   125.8093   -71.7262   110.4728    -1110371.5629   -48.5237
  -33.5817   -73.4123  -149.3668    29.0866    -1110368.3125   -40.1767
  178.3119   -57.6785   103.3364   -77.5577    -1110379.8187   -53.3061
   58.8793  -174.5050   -56.8746   124.9137    -1110383.4122   -51.7315
 -108.1424   158.8693   -77.0662   103.3238    -1110381.0373   -48.3192
  -85.3660   128.0769    83.4819   -99.1707    -1110380.5472   -47.8085
  163.7211  -171.0485   -93.6680    87.7734    -1110374.6322   -49.6874
 -175.0264    88.4289    83.7791  -100.8702    -1110374.8674   -50.8137
 -150.3807   177.5871    80.4180   -99.6764    -1110375.5908   -47.8129
  152.0691   175.8337    61.6695  -118.9127    -1110376.1850   -49.4938
   30.2254   169.7949   107.2626   -75.4258    -1110376.5656   -50.2875
 -102.6944  -133.1602   -93.6383    87.9238    -1110377.4210   -43.2986
 -108.9417    39.9325    47.8378  -136.9523    -1110379.1921   -45.8171
  -95.9148   163.4034   -97.0717    84.5447    -1110380.3812   -48.5425
   65.8658   102.4633    43.2689  -137.9289    -1110380.1569   -50.3071
  -94.4075   -61.8350   -64.4622   117.1839    -1110379.5511   -50.4340
   72.2787    30.8959  -109.3302    75.7163    -1110383.3142   -50.1261
  146.2282    84.1906   -98.5088    84.5429    -1110378.2538   -50.6496
  -83.8052   153.7264    15.7826  -165.9268    -1110383.0914   -50.5958
 -166.2852    76.5553    -1.6864   176.2615    -1110374.6589   -48.2317
 -115.8321    45.6725    10.0940  -175.3004    -1110379.8788   -45.3275
  167.8686   145.6741   -54.6223   126.1088    -1110373.1397   -49.2786
  137.8360   116.1921   145.5525   -38.1023    -1110376.9429   -50.2288
/
